MY_ACCOUNT_ID=0.0.29618193
MY_PRIVATE_KEY=302e020100300506032b6570042204209b914751af7503acd215f970f31f8bcc4b2b7aab7590e811267f9747d7890fc7

MY_ACCOUNT_ID_2=0.0.29616507
MY_PRIVATE_KEY_2=91ca7ee359744a1ce56b24bc6c1dd1523c5805fac71fa08b9116a61527a955e6